WKSHOP2 DATE:20250225 TIME:1417 WS:000(000/001) WD:341(341/341) AT:24.8(24.8/24.                                                                                                                     9) DP:99.9(99.9/99.9) WB:99.9(99.9/99.9) RH:051(051/051) RF:137.4 QFE:1009.6 QNH                                                                                                                     :1022.8 QFF:1022.5 BV:99.9 TI:27.4 SWV:A6B15 MSG:9125/225/338/251
WKSHOP2 DATE:20250225 TIME:1417 CL:00000/00000/00000/00000/99999 CL30:(00,000/00                                                                                                                     ,000/00,000) VI:32312 VI10:8888 WX1ME:(00,00,00/00) WX1SY:(00/00) SWV:A6B15 MSG:                                                                                                                     9126/176/338/484
JJJbJrJb;s"c
            c3"k
                WKSHOP2,341,000,24.8,99.9,051,9999.9,139.0,99999,99999,99.9,27.4                                                                                                                     ,01,634
WKSHOP2,341,000,24.8,99.9,051,9999.9,139.4,99999,99999,99.9,27.4,01,638
WKSHOP2,341,000,24.8,99.9,050,9999.9,139.6,99999,99999,99.9,27.4,01,639
WKSHOP2,341,001,24.8,99.9,051,9999.9,139.6,99999,99999,99.9,27.4,01,641
WKSHOP2,341,001,24.8,99.9,050,9999.9,139.8,99999,99999,99.9,2wWKSHOP2 DATE:20250                                                                                                                     225 TIME:1418 WS:000(000/001) WD:341(341/341) AT:24.8(24.8/24.9) DP:99.9(99.9/99                                                                                                                     .9) WB:99.9(99.9/99.9) RH:051(050/051) RF:149.6 QFE:1009.5 QNH:1022.7 QFF:1022.4                                                                                                                      BV:99.9 TI:27.6 SWV:A6B15 MSG:9127/225/338/257
WKSHOP2 DATE:20250225 TIME:1418 CL:00000/00000/00000/00000/99999 CL30:(00,000/00                                                                                                                     ,000/00,000) VI:27547 VI10:8888 WX1ME:(00,00,00/00) WX1SY:(00/00) SWV:A6B15 MSG:                                                                                                                     9128/176/338/501
WKSHOP2 DATE:20250225 TIME:1419 WS:000(000/000) WD:341(341/341) AT:24.8(24.8/24.                                                                                                                     8) DP:99.9(99.9/99.9) WB:99.9(99.9/99.9) RH:051(051/051) RF:161.4 QFE:1009.5 QNH                                                                                                                     :1022.7 QFF:1022.4 BV:99.9 TI:27.5 SWV:A6B15 MSG:9129/225/338/250
WKSHOP2 DATE:20250225 TIME:1419 CL:00000/00000/00000/00000/99999 CL30:(00,000/00                                                                                                                     ,000/00,000) VI:26346 VI10:8888 WX1ME:(00,00,00/00) WX1SY:(00/00) SWV:A6B15 MSG:                                                                                                                     9130/176/338/491
 10094 10084 10095 00000101 10095 -26
 10095 10084 10095 00000101 10095 -26
 10094 10084 10095 00000101 10095 -26
 10094 10084 10095 00000101 10095 -26
 10094 10084 10095 00000101 10095 -26
 10094 10084 10095 00000101 10095 -26
 10094 10084 10095 00000101 10095 -26
 10094 10084 10095 00000101 10095 -26
 10094 10083 10095 00000101 10094 -26
 10094 10083 10095 00000101 10094 -26
 10094 10083 10095 00000101 10094 -26
 10094 10083 10094 00000101 10094 -26
 10094 10083 10094 00000101 10094 -26
 10094 10083 10094 00000101 10094 -26
 10094 10083 10094 00000101 10094 -27
 10094 10083 10094 00000101 10094 -27
 10094 10083 10094 00000101 10094 -27
 10094 10083 10094 00000101 10094 -27
 10094 10083 10094 00000101 10094 -27
 10093 10083 10094 00000101 10094 -27
 10093 10083 10094 00000101 10093 -27
 10093 10082 10093 00000101 10093 -27
 10093 10083 10094 00000101 10094 -27
 10094 10083 10094 00000101 10094 -27
 10094 10083 10094 00000101 10094 -27
 10094 10083 10094 00000101 10094 -27
 10094 10083 10094 00000101 10094 -27
 10094 10083 10094 00000101 10094 -27
 10093 10083 10094 00000101 10094 -27
 10093 10083 10094 00000101 10093 -27
 10093 10082 10094 00000101 10093 -27
 10093 10082 10094 00000101 10093 -27
 10093 10082 10093 00000101 10093 -27
 10093 10082 10093 00000101 10093 -27
 10093 10082 10093 00000101 10093 -27
 10093 10082 10093 00000101 10093 -27
 10093 10082 10093 00000101 10093 -27
 10093 10082 10093 00000101 10093 -27
 10093 10082 10093 00000101 10093 -27
 10093 10082 10094 00000101 10093 -27
 10093 10082 10093 00000101 10093 -27
 10093 10082 10093 00000101 10093 -27
 10092 10082 10093 00000101 10093 -27
 10093 10082 10093 00000101 10093 -27
 10093 10082 10093 00000101 10093 -27
 10093 10082 10093 00000101 10093 -27
 10092 10081 10093 00000101 10093 -27
 10092 10082 10093 00000101 10093 -28
 10092 10082 10093 00000101 10092 -28
 10092 10082 10093 00000101 10092 -28
 10092 10081 10093 00000101 10092 -28
 10092 10082 10093 00000101 10092 -28
 10092 10081 10092 00000101 10092 -28
 10092 10081 10093 00000101 10092 -28
 10092 10081 10093 00000101 10092 -28
 10092 10081 10092 00000101 10092 -28
 10092 10081 10092 00000101 10092 -28
 10092 10082 10093 00000101 10092 -28
 10092 10082 10092 00000101 10092 -28
 10092 10082 10093 00000101 10092 -28
 10092 10081 10092 00000101 10092 -28
 10092 10081 10092 00000101 10092 -28
 10092 10082 10092 00000101 10092 -28
 10092 10082 10093 00000101 10092 -28
 10092 10081 10092 00000101 10092 -28
 10092 10081 10092 00000101 10092 -28
 10092 10081 10092 00000101 10092 -28
 10092 10081 10092 00000101 10092 -28
 10092 10081 10092 00000101 10092 -28
 10092 10081 10092 00000101 10092 -28
 10091 10081 10092 00000101 10092 -28
 10091 10081 10092 00000101 10092 -28
 10092 10081 10092 00000101 10092 -28
 10092 10081 10092 00000101 10092 -28
 10091 10081 10092 00000101 10092 -28
 10092 10081 10092 00000101 10092 -28
 10092 10081 10092 00000101 10092 -28
 10091 10081 10092 00000101 10092 -28
 10091 10081 10092 00000101 10092 -28
 10091 10081 10092 00000101 10091 -28
 10091 10081 10092 00000101 10091 -28
 10092 10081 10092 00000101 10092 -28
 10091 10081 10092 00000101 10092 -28
 10092 10081 10092 00000101 10092 -28
 10092 10081 10092 00000101 10092 -28
 10091 10081 10092 00000101 10092 -28
 10091 10081 10092 00000101 10092 -28
 10091 10081 10092 00000101 10092 -27
 10091 10081 10092 00000101 10092 -27
 10091 10080 10092 00000101 10091 -27
 10091 10081 10092 00000101 10091 -27
 10091 10080 10092 00000101 10091 -27
 10091 10080 10091 00000101 10091 -27
 10091 10080 10092 00000101 10091 -27
 10091 10081 10092 00000101 10091 -27
 10091 10080 10092 00000101 10091 -27
 10091 10080 10092 00000101 10091 -27
 10091 10080 10092 00000101 10091 -27
 10091 10081 10092 00000101 10091 -27
 10091 10080 10092 00000101 10091 -27
 10091 10080 10092 00000101 10091 -27
 10091 10080 10091 00000101 10091 -27
 10091 10080 10091 00000101 10091 -28
 10091 10080 10091 00000101 10091 -28
 10091 10080 10091 00000101 10091 -28
 10091 10080 10091 00000101 10091 -28
 10091 10080 10091 00000101 10091 -28
 10091 10080 10091 00000101 10091 -27
 10091 10079 10091 00000101 10091 -27
 10090 10080 10091 00000101 10090 -27
 10090 10080 10091 00000101 10091 -28
 10090 10079 10091 00000101 10090 -28
 10090 10080 10091 00000101 10091 -28
 10090 10080 10091 00000101 10090 -28
 10090 10080 10091 00000101 10091 -28
 10090 10080 10091 00000101 10090 -28
 10090 10079 10090 00000101 10090 -28
 10090 10079 10090 00000101 10090 -28
 10090 10079 10090 00000101 10090 -28
 10090 10079 10091 00000101 10090 -28
 10090 10079 10090 00000101 10090 -28
 10090 10079 10090 00000101 10090 -28
 10090 10079 10090 00000101 10090 -28
 10090 10079 10090 00000101 10090 -28
 10090 10079 10090 00000101 10090 -28
 10090 10079 10091 00000101 10090 -28
 10090 10079 10090 00000101 10090 -28
 10090 10079 10090 00000101 10090 -28
 10090 10079 10090 00000101 10090 -28
 10090 10079 10090 00000101 10090 -28
 10090 10079 10090 00000101 10090 -28
 10090 10079 10090 00000101 10090 -28
 10090 10079 10090 00000101 10090 -28
 10090 10079 10090 00000101 10090 -28
 10090 10079 10090 00000101 10090 -28
 10090 10079 10090 00000101 10090 -27
 10089 10079 10090 00000101 10090 -27
 10089 10079 10090 00000101 10089 -27
 10089 10078 10090 00000101 10090 -28
 10089 10078 10090 00000101 10089 -28
 10089 10078 10089 00000101 10089 -28
 10089 10078 10089 00000101 10089 -28
 10089 10078 10089 00000101 10089 -28
 10089 10079 10090 00000101 10089 -28
 10089 10078 10090 00000101 10089 -28
 10089 10078 10090 00000101 10089 -28
 10089 10078 10090 00000101 10089 -28
 10089 10078 10090 00000101 10089 -28
 10089 10078 10089 00000101 10089 -28
 10089 10078 10089 00000101 10089 -28
 10089 10078 10089 00000101 10089 -28
 10088 10078 10089 00000101 10089 -28
 10089 10078 10089 00000101 10089 -28
 10089 10078 10089 00000101 10089 -28
 10089 10078 10089 00000101 10089 -28
 10088 10078 10089 00000101 10089 -28
 10089 10078 10089 00000101 10089 -28
 10088 10078 10089 00000101 10089 -28
 10088 10078 10089 00000101 10088 -28
 10088 10078 10089 00000101 10088 -28
 10088 10077 10089 00000101 10088 -28
 10088 10077 10089 00000101 10088 -28
 10088 10077 10089 00000101 10088 -28
 10088 10078 10089 00000101 10088 -28
 10088 10077 10089 00000101 10088 -28
 10088 10077 10088 00000101 10088 -28
 10088 10077 10088 00000101 10088 -28
 10088 10077 10088 00000101 10088 -28
 10088 10077 10088 00000101 10088 -28
 10088 10077 10088 00000101 10088 -28
 10088 10077 10088 00000101 10088 -28
 10088 10077 10088 00000101 10088 -28
 10088 10077 10088 00000101 10088 -28
 10088 10077 10088 00000101 10088 -28
 10088 10077 10088 00000101 10088 -28
 10088 10077 10088 00000101 10088 -28
 10088 10077 10088 00000101 10088 -28
 10088 10077 10088 00000101 10088 -28
 10088 10077 10088 00000101 10088 -28
 10087 10076 10088 00000101 10087 -28
 10088 10077 10088 00000101 10088 -28
 10087 10077 10088 00000101 10088 -28
 10087 10077 10088 00000101 10088 -28
 10087 10076 10088 00000101 10087 -29
 10087 10076 10088 00000101 10087 -29
 10087 10076 10087 00000101 10087 -29
 10087 10076 10088 00000101 10087 -28
 10087 10076 10087 00000101 10087 -28
 10087 10076 10087 00000101 10087 -28
 10087 10076 10087 00000101 10087 -28
 10087 10076 10087 00000101 10087 -29
 10087 10076 10087 00000101 10087 -29
 10087 10076 10087 00000101 10087 -29
 10087 10076 10087 00000101 10087 -29
 10087 10076 10087 00000101 10087 -29
 10087 10076 10087 00000101 10087 -29
 10086 10076 10087 00000101 10087 -29
 10087 10076 10087 00000101 10087 -29
 10086 10076 10087 00000101 10087 -28
 10087 10076 10087 00000101 10087 -28
 10087 10076 10087 00000101 10087 -28
 10087 10076 10087 00000101 10087 -28
 10087 10076 10087 00000101 10087 -28
 10086 10076 10087 00000101 10087 -28
 10087 10076 10087 00000101 10087 -28
 10087 10076 10087 00000101 10087 -28
 10086 10076 10087 00000101 10087 -28
 10086 10075 10087 00000101 10087 -28
 10086 10075 10087 00000101 10086 -28
 10086 10076 10087 00000101 10087 -28
 10086 10075 10087 00000101 10087 -28
 10086 10075 10087 00000101 10087 -28
 10086 10076 10087 00000101 10087 -28
 10086 10076 10087 00000101 10087 -28
 10086 10076 10087 00000101 10087 -28
 10086 10076 10087 00000101 10086 -28
 10086 10075 10087 00000101 10086 -28
 10086 10076 10087 00000101 10086 -28
 10086 10075 10087 00000101 10086 -28
 10086 10075 10087 00000101 10086 -28
 10086 10075 10086 00000101 10086 -28
 10086 10075 10087 00000101 10086 -28
 10086 10075 10087 00000101 10086 -28
 10086 10075 10086 00000101 10086 -28
 10086 10075 10086 00000101 10086 -28
 10086 10075 10086 00000101 10086 -28
 10086 10075 10086 00000101 10086 -29
 10085 10075 10086 00000101 10086 -29
 10085 10075 10086 00000101 10086 -29
 10085 10075 10086 00000101 10086 -29
 10085 10075 10086 00000101 10086 -29
 10085 10074 10086 00000101 10086 -29
 10085 10074 10086 00000101 10085 -29
 10085 10074 10085 00000101 10085 -29
 10085 10074 10086 00000101 10085 -29
 10085 10074 10086 00000101 10085 -29
 10085 10074 10086 00000101 10085 -29
 10085 10074 10086 00000101 10085 -29
 10085 10074 10085 00000101 10085 -29
 10085 10074 10086 00000101 10085 -29
 10085 10074 10085 00000101 10085 -29
 10085 10074 10086 00000101 10085 -29
 10085 10074 10086 00000101 10085 -29
 10085 10074 10085 00000101 10085 -29
 10085 10074 10086 00000101 10085 -29
 10085 10074 10086 00000101 10085 -29
 10085 10074 10085 00000101 10085 -29
 10085 10074 10085 00000101 10085 -29
 10085 10074 10085 00000101 10085 -29
 10085 10074 10085 00000101 10085 -29
 10085 10074 10085 00000101 10085 -29
 10084 10074 10085 00000101 10085 -29
 10084 10074 10085 00000101 10084 -29
 10084 10074 10085 00000101 10085 -29
 10084 10073 10085 00000101 10085 -29
 10084 10074 10085 00000101 10085 -29
 10084 10074 10085 00000101 10085 -29
 10084 10074 10085 00000101 10085 -29
 10084 10074 10085 00000101 10085 -29
 10084 10074 10085 00000101 10085 -29
 10084 10074 10085 00000101 10085 -29
 10084 10074 10085 00000101 10084 -29
 10084 10073 10085 00000101 10084 -29
 10084 10073 10085 00000101 10084 -29
 10084 10073 10085 00000101 10084 -29
 10084 10073 10085 00000101 10084 -29
 10084 10074 10085 00000101 10084 -29
 10084 10073 10085 00000101 10084 -29
 10084 10073 10085 00000101 10085 -29
 10084 10074 10085 00000101 10085 -29
 10084 10074 10085 00000101 10085 -29
 10084 10073 10085 00000101 10085 -29
 10084 10074 10085 00000101 10084 -29
 10084 10073 10085 00000101 10084 -29
 10084 10073 10085 00000101 10084 -29
 10084 10073 10084 00000101 10084 -29
 10084 10073 10084 00000101 10084 -29
 10084 10073 10084 00000101 10084 -29
 10084 10073 10084 00000101 10084 -29
 10084 10073 10084 00000101 10084 -29
 10084 10073 10084 00000101 10084 -29
 10084 10073 10084 00000101 10084 -29
 10084 10073 10084 00000101 10084 -29
 10084 10073 10084 00000101 10084 -29
 10084 10073 10084 00000101 10084 -29
 10083 10073 10084 00000101 10084 -29
 10084 10073 10084 00000101 10084 -28
 10084 10073 10084 00000101 10084 -28
 10084 10073 10084 00000101 10084 -28
 10084 10073 10084 00000101 10084 -28
 10084 10073 10084 00000101 10084 -28
 10083 10073 10084 00000101 10084 -28
 10084 10073 10084 00000101 10084 -28
 10083 10073 10084 00000101 10084 -28
 10084 10073 10084 00000101 10084 -28
 10083 10072 10084 00000101 10084 -28
 10083 10072 10084 00000101 10083 -28
 10083 10072 10084 00000101 10083 -28
 10083 10073 10084 00000101 10084 -28
 10083 10072 10084 00000101 10083 -28
 10083 10072 10083 00000101 10083 -28
 10083 10072 10084 00000101 10083 -28
 10083 10072 10084 00000101 10083 -28
 10083 10073 10084 00000101 10083 -28
 10083 10072 10084 00000101 10083 -28
 10083 10072 10084 00000101 10084 -28
 10083 10072 10084 00000101 10083 -28
 10083 10072 10083 00000101 10083 -28
 10083 10072 10083 00000101 10083 -28
 10083 10072 10083 00000101 10083 -28
 10083 10072 10083 00000101 10083 -28
 10083 10072 10083 00000101 10083 -28
 10083 10072 10083 00000101 10083 -28
